0.000000000000000000e+00	0.000000000000000000e+00	0.000000000000000000e+00	0.000000000000000000e+00	0.000000000000000000e+00	2.500000000000000000e-01	2.500000000000000000e-01
6.250000000000000000e-02	6.250000000000000000e-02	0.000000000000000000e+00	0.000000000000000000e+00	0.000000000000000000e+00	2.500000000000000000e-01	2.500000000000000000e-01
1.250000000000000000e-01	1.250000000000000000e-01	0.000000000000000000e+00	0.000000000000000000e+00	0.000000000000000000e+00	2.500000000000000000e-01	2.500000000000000000e-01
1.875000000000000000e-01	1.875000000000000000e-01	0.000000000000000000e+00	0.000000000000000000e+00	0.000000000000000000e+00	2.500000000000000000e-01	2.500000000000000000e-01
2.500000000000000000e-01	2.500000000000000000e-01	0.000000000000000000e+00	0.000000000000000000e+00	0.000000000000000000e+00	2.500000000000000000e-01	2.500000000000000000e-01
3.125000000000000000e-01	3.125000000000000000e-01	0.000000000000000000e+00	0.000000000000000000e+00	0.000000000000000000e+00	2.500000000000000000e-01	2.500000000000000000e-01
3.750000000000000000e-01	3.750000000000000000e-01	0.000000000000000000e+00	0.000000000000000000e+00	0.000000000000000000e+00	2.500000000000000000e-01	2.500000000000000000e-01
4.375000000000000000e-01	4.375000000000000000e-01	0.000000000000000000e+00	0.000000000000000000e+00	0.000000000000000000e+00	2.500000000000000000e-01	2.500000000000000000e-01
5.000000000000000000e-01	5.000000000000000000e-01	0.000000000000000000e+00	0.000000000000000000e+00	0.000000000000000000e+00	2.500000000000000000e-01	2.500000000000000000e-01
5.625000000000000000e-01	5.625000000000000000e-01	0.000000000000000000e+00	0.000000000000000000e+00	0.000000000000000000e+00	2.500000000000000000e-01	2.500000000000000000e-01
6.250000000000000000e-01	6.250000000000000000e-01	0.000000000000000000e+00	0.000000000000000000e+00	0.000000000000000000e+00	2.500000000000000000e-01	2.500000000000000000e-01
6.875000000000000000e-01	6.875000000000000000e-01	0.000000000000000000e+00	0.000000000000000000e+00	0.000000000000000000e+00	2.500000000000000000e-01	2.500000000000000000e-01
7.500000000000000000e-01	7.500000000000000000e-01	0.000000000000000000e+00	0.000000000000000000e+00	0.000000000000000000e+00	2.500000000000000000e-01	2.500000000000000000e-01
8.125000000000000000e-01	8.125000000000000000e-01	0.000000000000000000e+00	0.000000000000000000e+00	0.000000000000000000e+00	2.500000000000000000e-01	2.500000000000000000e-01
8.750000000000000000e-01	8.750000000000000000e-01	0.000000000000000000e+00	0.000000000000000000e+00	0.000000000000000000e+00	2.500000000000000000e-01	2.500000000000000000e-01
9.375000000000000000e-01	9.375000000000000000e-01	0.000000000000000000e+00	0.000000000000000000e+00	0.000000000000000000e+00	2.500000000000000000e-01	2.500000000000000000e-01
1.000000000000000000e+00	1.000000000000000000e+00	0.000000000000000000e+00	-4.908738499999999727e-02	-4.000000000000000000e+00	2.500000000000000000e-01	2.500000000000000000e-01
1.024533799999999939e+00	1.024504300000000034e+00	-1.203818300000000048e-03	-1.472621600000000031e-01	-4.000000000000000000e+00	2.500000000000000000e-01	2.500000000000000000e-01
1.049067699999999936e+00	1.048772599999999944e+00	-4.803679899999999808e-03	-2.454369299999999976e-01	-4.000000000000000000e+00	2.500000000000000000e-01	2.500000000000000000e-01
1.073601500000000097e+00	1.072571200000000058e+00	-1.076491599999999937e-02	-3.436117000000000199e-01	-4.000000000000000000e+00	2.500000000000000000e-01	2.500000000000000000e-01
1.098135300000000036e+00	1.095670900000000003e+00	-1.903011699999999917e-02	-4.417864699999999867e-01	-4.000000000000000000e+00	2.500000000000000000e-01	2.500000000000000000e-01
1.122669200000000034e+00	1.117849199999999987e+00	-2.951968400000000090e-02	-5.399612400000000090e-01	-4.000000000000000000e+00	2.500000000000000000e-01	2.500000000000000000e-01
1.147202999999999973e+00	1.138892599999999922e+00	-4.213259700000000080e-02	-6.381360099999999758e-01	-4.000000000000000000e+00	2.500000000000000000e-01	2.500000000000000000e-01
1.171736899999999970e+00	1.158598299999999970e+00	-5.674738700000000330e-02	-7.363107800000000536e-01	-4.000000000000000000e+00	2.500000000000000000e-01	2.500000000000000000e-01
1.196270699999999909e+00	1.176776700000000009e+00	-7.322330500000000242e-02	-8.344855500000000204e-01	-4.000000000000000000e+00	2.500000000000000000e-01	2.500000000000000000e-01
1.220804500000000070e+00	1.193252600000000108e+00	-9.140167899999999956e-02	-9.326603199999999871e-01	-4.000000000000000000e+00	2.500000000000000000e-01	2.500000000000000000e-01
1.245338400000000068e+00	1.207867400000000035e+00	-1.111074400000000018e-01	-1.030835100000000004e+00	-4.000000000000000000e+00	2.500000000000000000e-01	2.500000000000000000e-01
1.269872200000000007e+00	1.220480299999999962e+00	-1.321508200000000022e-01	-1.129009900000000011e+00	-4.000000000000000000e+00	2.500000000000000000e-01	2.500000000000000000e-01
1.294405999999999946e+00	1.230969900000000061e+00	-1.543291400000000035e-01	-1.227184599999999959e+00	-4.000000000000000000e+00	2.500000000000000000e-01	2.500000000000000000e-01
1.318939899999999943e+00	1.239235099999999923e+00	-1.774288300000000096e-01	-1.325359399999999965e+00	-4.000000000000000000e+00	2.500000000000000000e-01	2.500000000000000000e-01
1.343473700000000104e+00	1.245196299999999923e+00	-2.012274199999999902e-01	-1.423534199999999972e+00	-4.000000000000000000e+00	2.500000000000000000e-01	2.500000000000000000e-01
1.368007600000000101e+00	1.248796199999999912e+00	-2.254957099999999881e-01	-1.521708899999999920e+00	-4.000000000000000000e+00	2.500000000000000000e-01	2.500000000000000000e-01
1.392541400000000040e+00	1.250000000000000000e+00	-2.500000000000000000e-01	-1.619883699999999926e+00	-4.000000000000000000e+00	2.500000000000000000e-01	2.500000000000000000e-01
1.417075199999999979e+00	1.248796199999999912e+00	-2.745042899999999841e-01	-1.718058499999999933e+00	-4.000000000000000000e+00	2.500000000000000000e-01	2.500000000000000000e-01
1.441609099999999977e+00	1.245196299999999923e+00	-2.987725800000000098e-01	-1.816233299999999939e+00	-4.000000000000000000e+00	2.500000000000000000e-01	2.500000000000000000e-01
1.466142899999999916e+00	1.239235099999999923e+00	-3.225711700000000182e-01	-1.914408000000000110e+00	-4.000000000000000000e+00	2.500000000000000000e-01	2.500000000000000000e-01
1.490676700000000077e+00	1.230969900000000061e+00	-3.456708600000000242e-01	-2.012582800000000116e+00	-4.000000000000000000e+00	2.500000000000000000e-01	2.500000000000000000e-01
1.515210600000000074e+00	1.220480299999999962e+00	-3.678491799999999978e-01	-2.110757599999999901e+00	-4.000000000000000000e+00	2.500000000000000000e-01	2.500000000000000000e-01
1.539744400000000013e+00	1.207867400000000035e+00	-3.888925599999999982e-01	-2.208932299999999849e+00	-4.000000000000000000e+00	2.500000000000000000e-01	2.500000000000000000e-01
1.564278300000000010e+00	1.193252600000000108e+00	-4.085983200000000148e-01	-2.307107100000000077e+00	-4.000000000000000000e+00	2.500000000000000000e-01	2.500000000000000000e-01
1.588812099999999949e+00	1.176776700000000009e+00	-4.267767000000000088e-01	-2.405281899999999862e+00	-4.000000000000000000e+00	2.500000000000000000e-01	2.500000000000000000e-01
1.613345900000000110e+00	1.158598299999999970e+00	-4.432526099999999913e-01	-2.503456599999999810e+00	-4.000000000000000000e+00	2.500000000000000000e-01	2.500000000000000000e-01
1.637879800000000108e+00	1.138892599999999922e+00	-4.578673999999999800e-01	-2.601631400000000038e+00	-4.000000000000000000e+00	2.500000000000000000e-01	2.500000000000000000e-01
1.662413600000000047e+00	1.117849199999999987e+00	-4.704803200000000074e-01	-2.699806199999999823e+00	-4.000000000000000000e+00	2.500000000000000000e-01	2.500000000000000000e-01
1.686947399999999986e+00	1.095670900000000003e+00	-4.809698800000000163e-01	-2.797981000000000051e+00	-4.000000000000000000e+00	2.500000000000000000e-01	2.500000000000000000e-01
1.711481299999999983e+00	1.072571200000000058e+00	-4.892350799999999889e-01	-2.896155700000000000e+00	-4.000000000000000000e+00	2.500000000000000000e-01	2.500000000000000000e-01
1.736015099999999922e+00	1.048772599999999944e+00	-4.951963200000000231e-01	-2.994330499999999784e+00	-4.000000000000000000e+00	2.500000000000000000e-01	2.500000000000000000e-01
1.760548999999999920e+00	1.024504300000000034e+00	-4.987961799999999779e-01	-3.092505300000000013e+00	-4.000000000000000000e+00	2.500000000000000000e-01	2.500000000000000000e-01
1.785082800000000081e+00	1.000000000000000000e+00	-5.000000000000000000e-01	-3.092505300000000013e+00	4.000000000000000000e+00	2.500000000000000000e-01	2.500000000000000000e-01
1.809616600000000020e+00	9.754957100000000159e-01	-5.012038199999999666e-01	-2.994330499999999784e+00	4.000000000000000000e+00	2.500000000000000000e-01	2.500000000000000000e-01
1.834150500000000017e+00	9.512274200000000457e-01	-5.048036799999999769e-01	-2.896155700000000000e+00	4.000000000000000000e+00	2.500000000000000000e-01	2.500000000000000000e-01
1.858684299999999956e+00	9.274288299999999818e-01	-5.107649199999999556e-01	-2.797981000000000051e+00	4.000000000000000000e+00	2.500000000000000000e-01	2.500000000000000000e-01
1.883218099999999895e+00	9.043291399999999758e-01	-5.190301200000000392e-01	-2.699806199999999823e+00	4.000000000000000000e+00	2.500000000000000000e-01	2.500000000000000000e-01
1.907751999999999892e+00	8.821508200000000022e-01	-5.295196800000000481e-01	-2.601631400000000038e+00	4.000000000000000000e+00	2.500000000000000000e-01	2.500000000000000000e-01
1.932285800000000053e+00	8.611074399999999462e-01	-5.421325999999999645e-01	-2.503456599999999810e+00	4.000000000000000000e+00	2.500000000000000000e-01	2.500000000000000000e-01
1.956819599999999992e+00	8.414016800000000407e-01	-5.567473899999999531e-01	-2.405281899999999862e+00	4.000000000000000000e+00	2.500000000000000000e-01	2.500000000000000000e-01
1.981353499999999990e+00	8.232232999999999912e-01	-5.732232999999999912e-01	-2.307107100000000077e+00	4.000000000000000000e+00	2.500000000000000000e-01	2.500000000000000000e-01
2.005887299999999929e+00	8.067473899999999531e-01	-5.914016800000000407e-01	-2.208932299999999849e+00	4.000000000000000000e+00	2.500000000000000000e-01	2.500000000000000000e-01
2.030421200000000148e+00	7.921325999999999645e-01	-6.111074399999999462e-01	-2.110757599999999901e+00	4.000000000000000000e+00	2.500000000000000000e-01	2.500000000000000000e-01
2.054955000000000087e+00	7.795196800000000481e-01	-6.321508200000000022e-01	-2.012582800000000116e+00	4.000000000000000000e+00	2.500000000000000000e-01	2.500000000000000000e-01
2.079488800000000026e+00	7.690301200000000392e-01	-6.543291399999999758e-01	-1.914408000000000110e+00	4.000000000000000000e+00	2.500000000000000000e-01	2.500000000000000000e-01
2.104022699999999801e+00	7.607649199999999556e-01	-6.774288299999999818e-01	-1.816233299999999939e+00	4.000000000000000000e+00	2.500000000000000000e-01	2.500000000000000000e-01
2.128556500000000185e+00	7.548036799999999769e-01	-7.012274200000000457e-01	-1.718058499999999933e+00	4.000000000000000000e+00	2.500000000000000000e-01	2.500000000000000000e-01
2.153090300000000124e+00	7.512038199999999666e-01	-7.254957100000000159e-01	-1.619883699999999926e+00	4.000000000000000000e+00	2.500000000000000000e-01	2.500000000000000000e-01
2.177624199999999899e+00	7.500000000000000000e-01	-7.500000000000000000e-01	-1.521708899999999920e+00	4.000000000000000000e+00	2.500000000000000000e-01	2.500000000000000000e-01
2.202157999999999838e+00	7.512038199999999666e-01	-7.745042899999999841e-01	-1.423534199999999972e+00	4.000000000000000000e+00	2.500000000000000000e-01	2.500000000000000000e-01
2.226691900000000057e+00	7.548036799999999769e-01	-7.987725799999999543e-01	-1.325359399999999965e+00	4.000000000000000000e+00	2.500000000000000000e-01	2.500000000000000000e-01
2.251225699999999996e+00	7.607649199999999556e-01	-8.225711700000000182e-01	-1.227184599999999959e+00	4.000000000000000000e+00	2.500000000000000000e-01	2.500000000000000000e-01
2.275759499999999935e+00	7.690301200000000392e-01	-8.456708600000000242e-01	-1.129009900000000011e+00	4.000000000000000000e+00	2.500000000000000000e-01	2.500000000000000000e-01
2.300293400000000155e+00	7.795196800000000481e-01	-8.678491799999999978e-01	-1.030835100000000004e+00	4.000000000000000000e+00	2.500000000000000000e-01	2.500000000000000000e-01
2.324827200000000094e+00	7.921325999999999645e-01	-8.888925600000000538e-01	-9.326603199999999871e-01	4.000000000000000000e+00	2.500000000000000000e-01	2.500000000000000000e-01
2.349361000000000033e+00	8.067473899999999531e-01	-9.085983199999999593e-01	-8.344855500000000204e-01	4.000000000000000000e+00	2.500000000000000000e-01	2.500000000000000000e-01
2.373894899999999808e+00	8.232232999999999912e-01	-9.267767000000000088e-01	-7.363107800000000536e-01	4.000000000000000000e+00	2.500000000000000000e-01	2.500000000000000000e-01
2.398428700000000191e+00	8.414016800000000407e-01	-9.432526100000000469e-01	-6.381360099999999758e-01	4.000000000000000000e+00	2.500000000000000000e-01	2.500000000000000000e-01
2.422962599999999966e+00	8.611074399999999462e-01	-9.578674000000000355e-01	-5.399612400000000090e-01	4.000000000000000000e+00	2.500000000000000000e-01	2.500000000000000000e-01
2.447496399999999905e+00	8.821508200000000022e-01	-9.704803199999999519e-01	-4.417864699999999867e-01	4.000000000000000000e+00	2.500000000000000000e-01	2.500000000000000000e-01
2.472030199999999844e+00	9.043291399999999758e-01	-9.809698799999999608e-01	-3.436117000000000199e-01	4.000000000000000000e+00	2.500000000000000000e-01	2.500000000000000000e-01
2.496564100000000064e+00	9.274288299999999818e-01	-9.892350800000000444e-01	-2.454369299999999976e-01	4.000000000000000000e+00	2.500000000000000000e-01	2.500000000000000000e-01
2.521097900000000003e+00	9.512274200000000457e-01	-9.951963200000000231e-01	-1.472621600000000031e-01	4.000000000000000000e+00	2.500000000000000000e-01	2.500000000000000000e-01
2.545631699999999942e+00	9.754957100000000159e-01	-9.987961800000000334e-01	-4.908738499999999727e-02	4.000000000000000000e+00	2.500000000000000000e-01	2.500000000000000000e-01
2.570165600000000161e+00	1.000000000000000000e+00	-1.000000000000000000e+00	-4.908738499999999727e-02	-4.000000000000000000e+00	2.500000000000000000e-01	2.500000000000000000e-01
2.594699400000000100e+00	1.024504300000000034e+00	-1.001203800000000088e+00	-1.472621600000000031e-01	-4.000000000000000000e+00	2.500000000000000000e-01	2.500000000000000000e-01
2.619233299999999875e+00	1.048772599999999944e+00	-1.004803700000000077e+00	-2.454369299999999976e-01	-4.000000000000000000e+00	2.500000000000000000e-01	2.500000000000000000e-01
2.643767099999999814e+00	1.072571200000000058e+00	-1.010764900000000077e+00	-3.436117000000000199e-01	-4.000000000000000000e+00	2.500000000000000000e-01	2.500000000000000000e-01
2.668300900000000198e+00	1.095670900000000003e+00	-1.019030099999999939e+00	-4.417864699999999867e-01	-4.000000000000000000e+00	2.500000000000000000e-01	2.500000000000000000e-01
2.692834799999999973e+00	1.117849199999999987e+00	-1.029519700000000038e+00	-5.399612400000000090e-01	-4.000000000000000000e+00	2.500000000000000000e-01	2.500000000000000000e-01
2.717368599999999912e+00	1.138892599999999922e+00	-1.042132599999999965e+00	-6.381360099999999758e-01	-4.000000000000000000e+00	2.500000000000000000e-01	2.500000000000000000e-01
2.741902399999999851e+00	1.158598299999999970e+00	-1.056747399999999892e+00	-7.363107800000000536e-01	-4.000000000000000000e+00	2.500000000000000000e-01	2.500000000000000000e-01
2.766436300000000070e+00	1.176776700000000009e+00	-1.073223299999999991e+00	-8.344855500000000204e-01	-4.000000000000000000e+00	2.500000000000000000e-01	2.500000000000000000e-01
2.790970100000000009e+00	1.193252600000000108e+00	-1.091401700000000030e+00	-9.326603199999999871e-01	-4.000000000000000000e+00	2.500000000000000000e-01	2.500000000000000000e-01
2.815503999999999785e+00	1.207867400000000035e+00	-1.111107400000000078e+00	-1.030835100000000004e+00	-4.000000000000000000e+00	2.500000000000000000e-01	2.500000000000000000e-01
2.840037800000000168e+00	1.220480299999999962e+00	-1.132150800000000013e+00	-1.129009900000000011e+00	-4.000000000000000000e+00	2.500000000000000000e-01	2.500000000000000000e-01
2.864571600000000107e+00	1.230969900000000061e+00	-1.154329099999999997e+00	-1.227184599999999959e+00	-4.000000000000000000e+00	2.500000000000000000e-01	2.500000000000000000e-01
2.889105499999999882e+00	1.239235099999999923e+00	-1.177428799999999942e+00	-1.325359399999999965e+00	-4.000000000000000000e+00	2.500000000000000000e-01	2.500000000000000000e-01
2.913639299999999821e+00	1.245196299999999923e+00	-1.201227400000000056e+00	-1.423534199999999972e+00	-4.000000000000000000e+00	2.500000000000000000e-01	2.500000000000000000e-01
2.938173100000000204e+00	1.248796199999999912e+00	-1.225495699999999966e+00	-1.521708899999999920e+00	-4.000000000000000000e+00	2.500000000000000000e-01	2.500000000000000000e-01
2.962706999999999979e+00	1.250000000000000000e+00	-1.250000000000000000e+00	-1.619883699999999926e+00	-4.000000000000000000e+00	2.500000000000000000e-01	2.500000000000000000e-01
2.987240799999999918e+00	1.248796199999999912e+00	-1.274504300000000034e+00	-1.718058499999999933e+00	-4.000000000000000000e+00	2.500000000000000000e-01	2.500000000000000000e-01
3.011774599999999857e+00	1.245196299999999923e+00	-1.298772599999999944e+00	-1.816233299999999939e+00	-4.000000000000000000e+00	2.500000000000000000e-01	2.500000000000000000e-01
3.036308500000000077e+00	1.239235099999999923e+00	-1.322571200000000058e+00	-1.914408000000000110e+00	-4.000000000000000000e+00	2.500000000000000000e-01	2.500000000000000000e-01
3.060842300000000016e+00	1.230969900000000061e+00	-1.345670900000000003e+00	-2.012582800000000116e+00	-4.000000000000000000e+00	2.500000000000000000e-01	2.500000000000000000e-01
3.085376199999999791e+00	1.220480299999999962e+00	-1.367849199999999987e+00	-2.110757599999999901e+00	-4.000000000000000000e+00	2.500000000000000000e-01	2.500000000000000000e-01
3.109910000000000174e+00	1.207867400000000035e+00	-1.388892599999999922e+00	-2.208932299999999849e+00	-4.000000000000000000e+00	2.500000000000000000e-01	2.500000000000000000e-01
3.134443800000000113e+00	1.193252600000000108e+00	-1.408598299999999970e+00	-2.307107100000000077e+00	-4.000000000000000000e+00	2.500000000000000000e-01	2.500000000000000000e-01
3.158977699999999889e+00	1.176776700000000009e+00	-1.426776700000000009e+00	-2.405281899999999862e+00	-4.000000000000000000e+00	2.500000000000000000e-01	2.500000000000000000e-01
3.183511499999999828e+00	1.158598299999999970e+00	-1.443252600000000108e+00	-2.503456599999999810e+00	-4.000000000000000000e+00	2.500000000000000000e-01	2.500000000000000000e-01
3.208045300000000211e+00	1.138892599999999922e+00	-1.457867400000000035e+00	-2.601631400000000038e+00	-4.000000000000000000e+00	2.500000000000000000e-01	2.500000000000000000e-01
3.232579199999999986e+00	1.117849199999999987e+00	-1.470480299999999962e+00	-2.699806199999999823e+00	-4.000000000000000000e+00	2.500000000000000000e-01	2.500000000000000000e-01
3.257112999999999925e+00	1.095670900000000003e+00	-1.480969900000000061e+00	-2.797981000000000051e+00	-4.000000000000000000e+00	2.500000000000000000e-01	2.500000000000000000e-01
3.281646900000000144e+00	1.072571200000000058e+00	-1.489235099999999923e+00	-2.896155700000000000e+00	-4.000000000000000000e+00	2.500000000000000000e-01	2.500000000000000000e-01
3.306180700000000083e+00	1.048772599999999944e+00	-1.495196299999999923e+00	-2.994330499999999784e+00	-4.000000000000000000e+00	2.500000000000000000e-01	2.500000000000000000e-01
3.330714500000000022e+00	1.024504300000000034e+00	-1.498796199999999912e+00	-3.092505300000000013e+00	-4.000000000000000000e+00	2.500000000000000000e-01	2.500000000000000000e-01
3.355248399999999798e+00	1.000000000000000000e+00	-1.500000000000000000e+00	-3.141592699999999905e+00	0.000000000000000000e+00	2.500000000000000000e-01	2.500000000000000000e-01
3.417748399999999798e+00	9.375000000000000000e-01	-1.500000000000000000e+00	-3.141592699999999905e+00	0.000000000000000000e+00	2.500000000000000000e-01	2.500000000000000000e-01
3.480248399999999798e+00	8.750000000000000000e-01	-1.500000000000000000e+00	-3.141592699999999905e+00	0.000000000000000000e+00	2.500000000000000000e-01	2.500000000000000000e-01
3.542748399999999798e+00	8.125000000000000000e-01	-1.500000000000000000e+00	-3.141592699999999905e+00	0.000000000000000000e+00	2.500000000000000000e-01	2.500000000000000000e-01
3.605248399999999798e+00	7.500000000000000000e-01	-1.500000000000000000e+00	-3.141592699999999905e+00	0.000000000000000000e+00	2.500000000000000000e-01	2.500000000000000000e-01
3.667748399999999798e+00	6.875000000000000000e-01	-1.500000000000000000e+00	-3.141592699999999905e+00	0.000000000000000000e+00	2.500000000000000000e-01	2.500000000000000000e-01
3.730248399999999798e+00	6.250000000000000000e-01	-1.500000000000000000e+00	-3.141592699999999905e+00	0.000000000000000000e+00	2.500000000000000000e-01	2.500000000000000000e-01
3.792748399999999798e+00	5.625000000000000000e-01	-1.500000000000000000e+00	-3.141592699999999905e+00	0.000000000000000000e+00	2.500000000000000000e-01	2.500000000000000000e-01
3.855248399999999798e+00	5.000000000000000000e-01	-1.500000000000000000e+00	-3.190679999999999961e+00	-4.000000000000000000e+00	2.500000000000000000e-01	2.500000000000000000e-01
3.879782200000000181e+00	4.754957100000000159e-01	-1.498796199999999912e+00	-3.288854800000000189e+00	-4.000000000000000000e+00	2.500000000000000000e-01	2.500000000000000000e-01
3.904316000000000120e+00	4.512274199999999902e-01	-1.495196299999999923e+00	-3.387029599999999974e+00	-4.000000000000000000e+00	2.500000000000000000e-01	2.500000000000000000e-01
3.928849899999999895e+00	4.274288299999999818e-01	-1.489235099999999923e+00	-3.485204400000000202e+00	-4.000000000000000000e+00	2.500000000000000000e-01	2.500000000000000000e-01
3.953383699999999834e+00	4.043291399999999758e-01	-1.480969900000000061e+00	-3.583379100000000150e+00	-4.000000000000000000e+00	2.500000000000000000e-01	2.500000000000000000e-01
3.977917600000000053e+00	3.821508200000000022e-01	-1.470480299999999962e+00	-3.681553899999999935e+00	-4.000000000000000000e+00	2.500000000000000000e-01	2.500000000000000000e-01
4.002451399999999992e+00	3.611074400000000018e-01	-1.457867400000000035e+00	-3.779728700000000163e+00	-4.000000000000000000e+00	2.500000000000000000e-01	2.500000000000000000e-01
4.026985200000000376e+00	3.414016799999999852e-01	-1.443252600000000108e+00	-3.877903400000000111e+00	-4.000000000000000000e+00	2.500000000000000000e-01	2.500000000000000000e-01
4.051519100000000151e+00	3.232232999999999912e-01	-1.426776700000000009e+00	-3.976078199999999896e+00	-4.000000000000000000e+00	2.500000000000000000e-01	2.500000000000000000e-01
4.076052899999999646e+00	3.067473900000000087e-01	-1.408598299999999970e+00	-4.074252999999999680e+00	-4.000000000000000000e+00	2.500000000000000000e-01	2.500000000000000000e-01
4.100586700000000029e+00	2.921326000000000200e-01	-1.388892599999999922e+00	-4.172427700000000073e+00	-4.000000000000000000e+00	2.500000000000000000e-01	2.500000000000000000e-01
4.125120599999999804e+00	2.795196799999999926e-01	-1.367849199999999987e+00	-4.270602499999999857e+00	-4.000000000000000000e+00	2.500000000000000000e-01	2.500000000000000000e-01
4.149654400000000187e+00	2.690301199999999837e-01	-1.345670900000000003e+00	-4.368777299999999641e+00	-4.000000000000000000e+00	2.500000000000000000e-01	2.500000000000000000e-01
4.174188299999999963e+00	2.607649200000000111e-01	-1.322571200000000058e+00	-4.466952100000000314e+00	-4.000000000000000000e+00	2.500000000000000000e-01	2.500000000000000000e-01
4.198722100000000346e+00	2.548036799999999769e-01	-1.298772599999999944e+00	-4.565126799999999818e+00	-4.000000000000000000e+00	2.500000000000000000e-01	2.500000000000000000e-01
4.223255899999999841e+00	2.512038200000000221e-01	-1.274504300000000034e+00	-4.663301599999999603e+00	-4.000000000000000000e+00	2.500000000000000000e-01	2.500000000000000000e-01
4.247789799999999616e+00	2.500000000000000000e-01	-1.250000000000000000e+00	-4.712388999999999939e+00	0.000000000000000000e+00	2.500000000000000000e-01	2.500000000000000000e-01
4.310289799999999616e+00	2.500000000000000000e-01	-1.187500000000000000e+00	-4.712388999999999939e+00	0.000000000000000000e+00	2.500000000000000000e-01	2.500000000000000000e-01
4.372789799999999616e+00	2.500000000000000000e-01	-1.125000000000000000e+00	-4.712388999999999939e+00	0.000000000000000000e+00	2.500000000000000000e-01	2.500000000000000000e-01
4.435289799999999616e+00	2.500000000000000000e-01	-1.062500000000000000e+00	-4.712388999999999939e+00	0.000000000000000000e+00	2.500000000000000000e-01	2.500000000000000000e-01
4.497789799999999616e+00	2.500000000000000000e-01	-1.000000000000000000e+00	-4.712388999999999939e+00	0.000000000000000000e+00	2.500000000000000000e-01	2.500000000000000000e-01
4.560289799999999616e+00	2.500000000000000000e-01	-9.375000000000000000e-01	-4.712388999999999939e+00	0.000000000000000000e+00	2.500000000000000000e-01	2.500000000000000000e-01
4.622789799999999616e+00	2.500000000000000000e-01	-8.750000000000000000e-01	-4.712388999999999939e+00	0.000000000000000000e+00	2.500000000000000000e-01	2.500000000000000000e-01
4.685289799999999616e+00	2.500000000000000000e-01	-8.125000000000000000e-01	-4.712388999999999939e+00	0.000000000000000000e+00	2.500000000000000000e-01	2.500000000000000000e-01
4.747789799999999616e+00	2.500000000000000000e-01	-7.500000000000000000e-01	-4.663301599999999603e+00	4.000000000000000000e+00	2.500000000000000000e-01	2.500000000000000000e-01
4.772323599999999999e+00	2.487961800000000057e-01	-7.254957100000000159e-01	-4.565126799999999818e+00	4.000000000000000000e+00	2.500000000000000000e-01	2.500000000000000000e-01
4.796857400000000382e+00	2.451963199999999954e-01	-7.012274200000000457e-01	-4.466952100000000314e+00	4.000000000000000000e+00	2.500000000000000000e-01	2.500000000000000000e-01
4.821391300000000157e+00	2.392350799999999889e-01	-6.774288299999999818e-01	-4.368777299999999641e+00	4.000000000000000000e+00	2.500000000000000000e-01	2.500000000000000000e-01
4.845925099999999652e+00	2.309698799999999885e-01	-6.543291399999999758e-01	-4.270602499999999857e+00	4.000000000000000000e+00	2.500000000000000000e-01	2.500000000000000000e-01
4.870458900000000035e+00	2.204803200000000074e-01	-6.321508200000000022e-01	-4.172427700000000073e+00	4.000000000000000000e+00	2.500000000000000000e-01	2.500000000000000000e-01
4.894992799999999811e+00	2.078674000000000077e-01	-6.111074399999999462e-01	-4.074252999999999680e+00	4.000000000000000000e+00	2.500000000000000000e-01	2.500000000000000000e-01
4.919526600000000194e+00	1.932526099999999913e-01	-5.914016800000000407e-01	-3.976078199999999896e+00	4.000000000000000000e+00	2.500000000000000000e-01	2.500000000000000000e-01
4.944060499999999969e+00	1.767767000000000088e-01	-5.732232999999999912e-01	-3.877903400000000111e+00	4.000000000000000000e+00	2.500000000000000000e-01	2.500000000000000000e-01
4.968594300000000352e+00	1.585983199999999871e-01	-5.567473899999999531e-01	-3.779728700000000163e+00	4.000000000000000000e+00	2.500000000000000000e-01	2.500000000000000000e-01
4.993128099999999847e+00	1.388925599999999982e-01	-5.421325999999999645e-01	-3.681553899999999935e+00	4.000000000000000000e+00	2.500000000000000000e-01	2.500000000000000000e-01
5.017661999999999622e+00	1.178491799999999978e-01	-5.295196800000000481e-01	-3.583379100000000150e+00	4.000000000000000000e+00	2.500000000000000000e-01	2.500000000000000000e-01
5.042195800000000006e+00	9.567085799999999751e-02	-5.190301200000000392e-01	-3.485204400000000202e+00	4.000000000000000000e+00	2.500000000000000000e-01	2.500000000000000000e-01
5.066729600000000389e+00	7.257116900000000481e-02	-5.107649199999999556e-01	-3.387029599999999974e+00	4.000000000000000000e+00	2.500000000000000000e-01	2.500000000000000000e-01
5.091263500000000164e+00	4.877258100000000235e-02	-5.048036799999999769e-01	-3.288854800000000189e+00	4.000000000000000000e+00	2.500000000000000000e-01	2.500000000000000000e-01
5.115797299999999659e+00	2.450428500000000065e-02	-5.012038199999999666e-01	-3.190679999999999961e+00	4.000000000000000000e+00	2.500000000000000000e-01	2.500000000000000000e-01
5.140331200000000322e+00	1.530808499999999908e-17	-5.000000000000000000e-01	-3.092505300000000013e+00	4.000000000000000000e+00	2.500000000000000000e-01	2.500000000000000000e-01
5.164864999999999817e+00	-2.450428500000000065e-02	-5.012038199999999666e-01	-2.994330499999999784e+00	4.000000000000000000e+00	2.500000000000000000e-01	2.500000000000000000e-01
5.189398800000000200e+00	-4.877258100000000235e-02	-5.048036799999999769e-01	-2.896155700000000000e+00	4.000000000000000000e+00	2.500000000000000000e-01	2.500000000000000000e-01
5.213932699999999976e+00	-7.257116900000000481e-02	-5.107649199999999556e-01	-2.797981000000000051e+00	4.000000000000000000e+00	2.500000000000000000e-01	2.500000000000000000e-01
5.238466500000000359e+00	-9.567085799999999751e-02	-5.190301200000000392e-01	-2.699806199999999823e+00	4.000000000000000000e+00	2.500000000000000000e-01	2.500000000000000000e-01
5.263000299999999854e+00	-1.178491799999999978e-01	-5.295196800000000481e-01	-2.601631400000000038e+00	4.000000000000000000e+00	2.500000000000000000e-01	2.500000000000000000e-01
5.287534199999999629e+00	-1.388925599999999982e-01	-5.421325999999999645e-01	-2.503456599999999810e+00	4.000000000000000000e+00	2.500000000000000000e-01	2.500000000000000000e-01
5.312068000000000012e+00	-1.585983199999999871e-01	-5.567473899999999531e-01	-2.405281899999999862e+00	4.000000000000000000e+00	2.500000000000000000e-01	2.500000000000000000e-01
5.336601899999999787e+00	-1.767767000000000088e-01	-5.732232999999999912e-01	-2.307107100000000077e+00	4.000000000000000000e+00	2.500000000000000000e-01	2.500000000000000000e-01
5.361135700000000170e+00	-1.932526099999999913e-01	-5.914016800000000407e-01	-2.208932299999999849e+00	4.000000000000000000e+00	2.500000000000000000e-01	2.500000000000000000e-01
5.385669499999999665e+00	-2.078674000000000077e-01	-6.111074399999999462e-01	-2.110757599999999901e+00	4.000000000000000000e+00	2.500000000000000000e-01	2.500000000000000000e-01
5.410203400000000329e+00	-2.204803200000000074e-01	-6.321508200000000022e-01	-2.012582800000000116e+00	4.000000000000000000e+00	2.500000000000000000e-01	2.500000000000000000e-01
5.434737199999999824e+00	-2.309698799999999885e-01	-6.543291399999999758e-01	-1.914408000000000110e+00	4.000000000000000000e+00	2.500000000000000000e-01	2.500000000000000000e-01
5.459271000000000207e+00	-2.392350799999999889e-01	-6.774288299999999818e-01	-1.816233299999999939e+00	4.000000000000000000e+00	2.500000000000000000e-01	2.500000000000000000e-01
5.483804899999999982e+00	-2.451963199999999954e-01	-7.012274200000000457e-01	-1.718058499999999933e+00	4.000000000000000000e+00	2.500000000000000000e-01	2.500000000000000000e-01
5.508338700000000365e+00	-2.487961800000000057e-01	-7.254957100000000159e-01	-1.619883699999999926e+00	4.000000000000000000e+00	2.500000000000000000e-01	2.500000000000000000e-01
5.532872600000000141e+00	-2.500000000000000000e-01	-7.500000000000000000e-01	-1.570796300000000034e+00	0.000000000000000000e+00	2.500000000000000000e-01	2.500000000000000000e-01
5.595372600000000141e+00	-2.500000000000000000e-01	-8.125000000000000000e-01	-1.570796300000000034e+00	0.000000000000000000e+00	2.500000000000000000e-01	2.500000000000000000e-01
5.657872600000000141e+00	-2.500000000000000000e-01	-8.750000000000000000e-01	-1.570796300000000034e+00	0.000000000000000000e+00	2.500000000000000000e-01	2.500000000000000000e-01
5.720372600000000141e+00	-2.500000000000000000e-01	-9.375000000000000000e-01	-1.570796300000000034e+00	0.000000000000000000e+00	2.500000000000000000e-01	2.500000000000000000e-01
5.782872600000000141e+00	-2.500000000000000000e-01	-1.000000000000000000e+00	-1.570796300000000034e+00	0.000000000000000000e+00	2.500000000000000000e-01	2.500000000000000000e-01
5.845372600000000141e+00	-2.500000000000000000e-01	-1.062500000000000000e+00	-1.570796300000000034e+00	0.000000000000000000e+00	2.500000000000000000e-01	2.500000000000000000e-01
5.907872600000000141e+00	-2.500000000000000000e-01	-1.125000000000000000e+00	-1.570796300000000034e+00	0.000000000000000000e+00	2.500000000000000000e-01	2.500000000000000000e-01
5.970372600000000141e+00	-2.500000000000000000e-01	-1.187500000000000000e+00	-1.570796300000000034e+00	0.000000000000000000e+00	2.500000000000000000e-01	2.500000000000000000e-01
6.032872600000000141e+00	-2.500000000000000000e-01	-1.250000000000000000e+00	-1.619883699999999926e+00	-4.000000000000000000e+00	2.500000000000000000e-01	2.500000000000000000e-01
6.057406399999999635e+00	-2.512038200000000221e-01	-1.274504300000000034e+00	-1.718058499999999933e+00	-4.000000000000000000e+00	2.500000000000000000e-01	2.500000000000000000e-01
6.081940200000000019e+00	-2.548036799999999769e-01	-1.298772599999999944e+00	-1.816233299999999939e+00	-4.000000000000000000e+00	2.500000000000000000e-01	2.500000000000000000e-01
6.106474099999999794e+00	-2.607649200000000111e-01	-1.322571200000000058e+00	-1.914408000000000110e+00	-4.000000000000000000e+00	2.500000000000000000e-01	2.500000000000000000e-01
6.131007900000000177e+00	-2.690301199999999837e-01	-1.345670900000000003e+00	-2.012582800000000116e+00	-4.000000000000000000e+00	2.500000000000000000e-01	2.500000000000000000e-01
6.155541699999999672e+00	-2.795196799999999926e-01	-1.367849199999999987e+00	-2.110757599999999901e+00	-4.000000000000000000e+00	2.500000000000000000e-01	2.500000000000000000e-01
6.180075600000000335e+00	-2.921326000000000200e-01	-1.388892599999999922e+00	-2.208932299999999849e+00	-4.000000000000000000e+00	2.500000000000000000e-01	2.500000000000000000e-01
6.204609399999999830e+00	-3.067473900000000087e-01	-1.408598299999999970e+00	-2.307107100000000077e+00	-4.000000000000000000e+00	2.500000000000000000e-01	2.500000000000000000e-01
6.229143200000000213e+00	-3.232232999999999912e-01	-1.426776700000000009e+00	-2.405281899999999862e+00	-4.000000000000000000e+00	2.500000000000000000e-01	2.500000000000000000e-01
6.253677099999999989e+00	-3.414016799999999852e-01	-1.443252600000000108e+00	-2.503456599999999810e+00	-4.000000000000000000e+00	2.500000000000000000e-01	2.500000000000000000e-01
6.278210900000000372e+00	-3.611074400000000018e-01	-1.457867400000000035e+00	-2.601631400000000038e+00	-4.000000000000000000e+00	2.500000000000000000e-01	2.500000000000000000e-01
6.302744800000000147e+00	-3.821508200000000022e-01	-1.470480299999999962e+00	-2.699806199999999823e+00	-4.000000000000000000e+00	2.500000000000000000e-01	2.500000000000000000e-01
6.327278599999999642e+00	-4.043291399999999758e-01	-1.480969900000000061e+00	-2.797981000000000051e+00	-4.000000000000000000e+00	2.500000000000000000e-01	2.500000000000000000e-01
6.351812400000000025e+00	-4.274288299999999818e-01	-1.489235099999999923e+00	-2.896155700000000000e+00	-4.000000000000000000e+00	2.500000000000000000e-01	2.500000000000000000e-01
6.376346299999999800e+00	-4.512274199999999902e-01	-1.495196299999999923e+00	-2.994330499999999784e+00	-4.000000000000000000e+00	2.500000000000000000e-01	2.500000000000000000e-01
6.400880100000000184e+00	-4.754957100000000159e-01	-1.498796199999999912e+00	-3.092505300000000013e+00	-4.000000000000000000e+00	2.500000000000000000e-01	2.500000000000000000e-01
6.425413899999999678e+00	-5.000000000000000000e-01	-1.500000000000000000e+00	-3.190679999999999961e+00	-4.000000000000000000e+00	2.500000000000000000e-01	2.500000000000000000e-01
6.449947800000000342e+00	-5.245042899999999841e-01	-1.498796199999999912e+00	-3.288854800000000189e+00	-4.000000000000000000e+00	2.500000000000000000e-01	2.500000000000000000e-01
6.474481599999999837e+00	-5.487725799999999543e-01	-1.495196299999999923e+00	-3.387029599999999974e+00	-4.000000000000000000e+00	2.500000000000000000e-01	2.500000000000000000e-01
6.499015499999999612e+00	-5.725711700000000182e-01	-1.489235099999999923e+00	-3.485204400000000202e+00	-4.000000000000000000e+00	2.500000000000000000e-01	2.500000000000000000e-01
6.523549299999999995e+00	-5.956708600000000242e-01	-1.480969900000000061e+00	-3.583379100000000150e+00	-4.000000000000000000e+00	2.500000000000000000e-01	2.500000000000000000e-01
6.548083100000000378e+00	-6.178491799999999978e-01	-1.470480299999999962e+00	-3.681553899999999935e+00	-4.000000000000000000e+00	2.500000000000000000e-01	2.500000000000000000e-01
6.572617000000000154e+00	-6.388925600000000538e-01	-1.457867400000000035e+00	-3.779728700000000163e+00	-4.000000000000000000e+00	2.500000000000000000e-01	2.500000000000000000e-01
6.597150799999999649e+00	-6.585983199999999593e-01	-1.443252600000000108e+00	-3.877903400000000111e+00	-4.000000000000000000e+00	2.500000000000000000e-01	2.500000000000000000e-01
6.621684600000000032e+00	-6.767767000000000088e-01	-1.426776700000000009e+00	-3.976078199999999896e+00	-4.000000000000000000e+00	2.500000000000000000e-01	2.500000000000000000e-01
6.646218499999999807e+00	-6.932526100000000469e-01	-1.408598299999999970e+00	-4.074252999999999680e+00	-4.000000000000000000e+00	2.500000000000000000e-01	2.500000000000000000e-01
6.670752300000000190e+00	-7.078674000000000355e-01	-1.388892599999999922e+00	-4.172427700000000073e+00	-4.000000000000000000e+00	2.500000000000000000e-01	2.500000000000000000e-01
6.695286199999999965e+00	-7.204803199999999519e-01	-1.367849199999999987e+00	-4.270602499999999857e+00	-4.000000000000000000e+00	2.500000000000000000e-01	2.500000000000000000e-01
6.719820000000000348e+00	-7.309698799999999608e-01	-1.345670900000000003e+00	-4.368777299999999641e+00	-4.000000000000000000e+00	2.500000000000000000e-01	2.500000000000000000e-01
6.744353799999999843e+00	-7.392350800000000444e-01	-1.322571200000000058e+00	-4.466952100000000314e+00	-4.000000000000000000e+00	2.500000000000000000e-01	2.500000000000000000e-01
6.768887699999999619e+00	-7.451963200000000231e-01	-1.298772599999999944e+00	-4.565126799999999818e+00	-4.000000000000000000e+00	2.500000000000000000e-01	2.500000000000000000e-01
6.793421500000000002e+00	-7.487961800000000334e-01	-1.274504300000000034e+00	-4.663301599999999603e+00	-4.000000000000000000e+00	2.500000000000000000e-01	2.500000000000000000e-01
6.817955300000000385e+00	-7.500000000000000000e-01	-1.250000000000000000e+00	-4.712388999999999939e+00	0.000000000000000000e+00	2.500000000000000000e-01	2.500000000000000000e-01
6.880455300000000385e+00	-7.500000000000000000e-01	-1.187500000000000000e+00	-4.712388999999999939e+00	0.000000000000000000e+00	2.500000000000000000e-01	2.500000000000000000e-01
6.942955300000000385e+00	-7.500000000000000000e-01	-1.125000000000000000e+00	-4.712388999999999939e+00	0.000000000000000000e+00	2.500000000000000000e-01	2.500000000000000000e-01
7.005455300000000385e+00	-7.500000000000000000e-01	-1.062500000000000000e+00	-4.712388999999999939e+00	0.000000000000000000e+00	2.500000000000000000e-01	2.500000000000000000e-01
7.067955300000000385e+00	-7.500000000000000000e-01	-1.000000000000000000e+00	-4.712388999999999939e+00	0.000000000000000000e+00	2.500000000000000000e-01	2.500000000000000000e-01
7.130455300000000385e+00	-7.500000000000000000e-01	-9.375000000000000000e-01	-4.712388999999999939e+00	0.000000000000000000e+00	2.500000000000000000e-01	2.500000000000000000e-01
7.192955300000000385e+00	-7.500000000000000000e-01	-8.750000000000000000e-01	-4.712388999999999939e+00	0.000000000000000000e+00	2.500000000000000000e-01	2.500000000000000000e-01
7.255455300000000385e+00	-7.500000000000000000e-01	-8.125000000000000000e-01	-4.712388999999999939e+00	0.000000000000000000e+00	2.500000000000000000e-01	2.500000000000000000e-01
7.317955300000000385e+00	-7.500000000000000000e-01	-7.500000000000000000e-01	-4.712388999999999939e+00	0.000000000000000000e+00	2.500000000000000000e-01	2.500000000000000000e-01
7.380455300000000385e+00	-7.500000000000000000e-01	-6.875000000000000000e-01	-4.712388999999999939e+00	0.000000000000000000e+00	2.500000000000000000e-01	2.500000000000000000e-01
7.442955300000000385e+00	-7.500000000000000000e-01	-6.250000000000000000e-01	-4.712388999999999939e+00	0.000000000000000000e+00	2.500000000000000000e-01	2.500000000000000000e-01
7.505455300000000385e+00	-7.500000000000000000e-01	-5.625000000000000000e-01	-4.712388999999999939e+00	0.000000000000000000e+00	2.500000000000000000e-01	2.500000000000000000e-01
7.567955300000000385e+00	-7.500000000000000000e-01	-5.000000000000000000e-01	-4.712388999999999939e+00	0.000000000000000000e+00	2.500000000000000000e-01	2.500000000000000000e-01
7.630455300000000385e+00	-7.500000000000000000e-01	-4.375000000000000000e-01	-4.712388999999999939e+00	0.000000000000000000e+00	2.500000000000000000e-01	2.500000000000000000e-01
7.692955300000000385e+00	-7.500000000000000000e-01	-3.750000000000000000e-01	-4.712388999999999939e+00	0.000000000000000000e+00	2.500000000000000000e-01	2.500000000000000000e-01
7.755455300000000385e+00	-7.500000000000000000e-01	-3.125000000000000000e-01	-4.712388999999999939e+00	0.000000000000000000e+00	2.500000000000000000e-01	2.500000000000000000e-01
7.817955300000000385e+00	-7.500000000000000000e-01	-2.500000000000000000e-01	-4.761476400000000275e+00	-4.000000000000000000e+00	2.500000000000000000e-01	2.500000000000000000e-01
7.842489200000000160e+00	-7.487961800000000334e-01	-2.254957099999999881e-01	-4.859651099999999779e+00	-4.000000000000000000e+00	2.500000000000000000e-01	2.500000000000000000e-01
7.867022999999999655e+00	-7.451963200000000231e-01	-2.012274199999999902e-01	-4.957825899999999564e+00	-4.000000000000000000e+00	2.500000000000000000e-01	2.500000000000000000e-01
7.891556900000000319e+00	-7.392350800000000444e-01	-1.774288300000000096e-01	-5.056000700000000236e+00	-4.000000000000000000e+00	2.500000000000000000e-01	2.500000000000000000e-01
7.916090699999999813e+00	-7.309698799999999608e-01	-1.543291400000000035e-01	-5.154175399999999740e+00	-4.000000000000000000e+00	2.500000000000000000e-01	2.500000000000000000e-01
7.940624500000000197e+00	-7.204803199999999519e-01	-1.321508200000000022e-01	-5.252350200000000413e+00	-4.000000000000000000e+00	2.500000000000000000e-01	2.500000000000000000e-01
7.965158399999999972e+00	-7.078674000000000355e-01	-1.111074400000000018e-01	-5.350525000000000198e+00	-4.000000000000000000e+00	2.500000000000000000e-01	2.500000000000000000e-01
7.989692200000000355e+00	-6.932526100000000469e-01	-9.140167899999999956e-02	-5.448699799999999982e+00	-4.000000000000000000e+00	2.500000000000000000e-01	2.500000000000000000e-01
8.014226000000000738e+00	-6.767767000000000088e-01	-7.322330500000000242e-02	-5.546874500000000374e+00	-4.000000000000000000e+00	2.500000000000000000e-01	2.500000000000000000e-01
8.038759900000000513e+00	-6.585983199999999593e-01	-5.674738700000000330e-02	-5.645049300000000159e+00	-4.000000000000000000e+00	2.500000000000000000e-01	2.500000000000000000e-01
8.063293699999999120e+00	-6.388925600000000538e-01	-4.213259700000000080e-02	-5.743224099999999943e+00	-4.000000000000000000e+00	2.500000000000000000e-01	2.500000000000000000e-01
8.087827499999999503e+00	-6.178491799999999978e-01	-2.951968400000000090e-02	-5.841398800000000335e+00	-4.000000000000000000e+00	2.500000000000000000e-01	2.500000000000000000e-01
8.112361399999999279e+00	-5.956708600000000242e-01	-1.903011699999999917e-02	-5.939573600000000120e+00	-4.000000000000000000e+00	2.500000000000000000e-01	2.500000000000000000e-01
8.136895199999999662e+00	-5.725711700000000182e-01	-1.076491599999999937e-02	-6.037748399999999904e+00	-4.000000000000000000e+00	2.500000000000000000e-01	2.500000000000000000e-01
8.161429099999999437e+00	-5.487725799999999543e-01	-4.803679899999999808e-03	-6.135923199999999689e+00	-4.000000000000000000e+00	2.500000000000000000e-01	2.500000000000000000e-01
8.185962899999999820e+00	-5.245042899999999841e-01	-1.203818300000000048e-03	-6.234097900000000081e+00	-4.000000000000000000e+00	2.500000000000000000e-01	2.500000000000000000e-01
8.210496700000000203e+00	-5.000000000000000000e-01	0.000000000000000000e+00	-6.283185300000000417e+00	0.000000000000000000e+00	2.500000000000000000e-01	2.500000000000000000e-01
8.281925299999999268e+00	-4.285714299999999755e-01	0.000000000000000000e+00	-6.283185300000000417e+00	0.000000000000000000e+00	2.500000000000000000e-01	2.500000000000000000e-01
8.353353900000000110e+00	-3.571428600000000064e-01	0.000000000000000000e+00	-6.283185300000000417e+00	0.000000000000000000e+00	2.500000000000000000e-01	2.500000000000000000e-01
8.424782399999999782e+00	-2.857142899999999819e-01	0.000000000000000000e+00	-6.283185300000000417e+00	0.000000000000000000e+00	2.500000000000000000e-01	2.500000000000000000e-01
8.496211000000000624e+00	-2.142857099999999904e-01	0.000000000000000000e+00	-6.283185300000000417e+00	0.000000000000000000e+00	2.500000000000000000e-01	2.500000000000000000e-01
8.567639599999999689e+00	-1.428571399999999936e-01	0.000000000000000000e+00	-6.283185300000000417e+00	0.000000000000000000e+00	2.500000000000000000e-01	2.500000000000000000e-01
8.639068200000000530e+00	-7.142857099999999626e-02	0.000000000000000000e+00	-6.283185300000000417e+00	0.000000000000000000e+00	2.500000000000000000e-01	2.500000000000000000e-01
8.710496700000000203e+00	0.000000000000000000e+00	0.000000000000000000e+00	-6.283185300000000417e+00	0.000000000000000000e+00	2.500000000000000000e-01	2.500000000000000000e-01
